     0/149     1.79G    0.1003   0.03103   0.02787    0.1592         8       640  0.001264    0.3777 0.0005408 7.585e-05    0.0643   0.01938   0.02229
     1/149     3.14G   0.08105   0.02885   0.02711     0.137        18       640  0.001599     0.477 0.0009759 0.0001728   0.05384   0.01767   0.02193
     2/149     3.15G    0.0747   0.02758   0.02561    0.1279         8       640  0.001585     0.477  0.001005 0.0001771   0.05257   0.01641   0.02175
     3/149     3.15G   0.07478   0.02704   0.02513     0.127         8       640  0.002451   0.05172  0.001859 0.0003056   0.05153   0.01572   0.02168
     4/149     3.15G   0.07091   0.02722     0.025    0.1231        12       640   0.00244     0.179  0.001317 0.0002783   0.06584   0.01839    0.0255
     5/149     3.15G   0.07183   0.02631   0.02417    0.1223         8       640  0.004052   0.04105  0.001755 0.0003151   0.05948   0.01579   0.02669
     6/149     3.15G   0.07406   0.02626   0.02497    0.1253        10       640    0.2467   0.02349   0.01307  0.002685   0.05817   0.01372   0.02437
     7/149     3.15G   0.07052   0.02585   0.02363      0.12        12       640   0.02232   0.01724  0.002849  0.000445   0.05591   0.01395   0.02281
     8/149     3.15G   0.07142    0.0251    0.0246    0.1211        12       640   0.01075   0.01724  0.003352 0.0006334   0.05026   0.01441   0.02155
     9/149     3.15G    0.0731   0.02585   0.02464    0.1236         9       640  0.002268   0.03448  0.001601 0.0003404   0.05036   0.01423   0.02156
    10/149     3.15G    0.0713   0.02511   0.02399    0.1204         6       640   0.02226   0.05172  0.005374  0.001015   0.05018   0.01388   0.02155
    11/149     3.15G   0.07079   0.02766   0.02374    0.1222        15       640   0.04088   0.03448  0.009372  0.001428   0.05106    0.0136    0.0216
    12/149     3.15G   0.06928   0.02663   0.02373    0.1197        11       640   0.02856   0.03448   0.01141  0.002807   0.05024   0.01384   0.02174
    13/149     3.15G   0.07016   0.02482   0.02354    0.1185         9       640   0.01085   0.01724  0.004872 0.0008061   0.05078   0.01375    0.0219
    14/149     3.15G   0.07007   0.02581   0.02367    0.1196         9       640  0.005489   0.05172  0.002586 0.0006647    0.0488   0.01384   0.02188
    15/149     3.15G   0.06853   0.02581   0.02398    0.1183        13       640  0.003656    0.3342  0.002522 0.0005591   0.04809   0.01413   0.02195
    16/149     3.15G   0.06835   0.02704   0.02404    0.1194        10       640  0.008532   0.01724  0.002368 0.0005201   0.04869   0.01405   0.02197
    17/149     3.15G   0.06792   0.02795   0.02406    0.1199        11       640  0.003727    0.3686  0.002201 0.0003983   0.04727   0.01421   0.02201
    18/149     3.15G   0.06509   0.02769   0.02313    0.1159         8       640  0.008669    0.1724  0.006198    0.0012   0.04561   0.01425   0.02202
    19/149     3.15G   0.06653   0.02627   0.02329    0.1161         7       640    0.5147   0.01724  0.007171 0.0009568   0.04485   0.01472   0.02196
    20/149     3.15G   0.06561   0.02788   0.02386    0.1173        10       640  0.002826    0.4335  0.002098 0.0003344   0.04905   0.01378   0.02198
    21/149     3.15G   0.06417   0.02777   0.02305     0.115         6       640  0.002772    0.7126   0.00285 0.0004972   0.04517   0.01427   0.02219
    22/149     3.15G   0.06436   0.02748   0.02497    0.1168        13       640    0.0107    0.3235  0.005601 0.0009595   0.04604   0.01419   0.02206
    23/149     3.15G   0.06508   0.02644   0.02428    0.1158        14       640    0.5079    0.1724  0.006612 0.0009442   0.04878   0.01381    0.0218
    24/149     3.15G   0.06429   0.02675   0.02376    0.1148        12       640  0.004056    0.3752  0.003879 0.0006732   0.04768   0.01386   0.02178
    25/149     3.15G   0.06418   0.02799    0.0234    0.1156        13       640    0.1382   0.05829   0.01325  0.001789   0.04842   0.01403   0.02182
    26/149     3.15G   0.06068   0.02716   0.02315     0.111        11       640    0.1611    0.1273    0.0211   0.00307    0.0459   0.01406   0.02185
    27/149     3.15G   0.06046   0.02748   0.02441    0.1123         8       640   0.01076    0.2718  0.006467  0.001453   0.04427   0.01725    0.0222
    28/149     3.15G    0.0621   0.02699    0.0241    0.1132        13       640    0.1201      0.33   0.05356   0.01521   0.04982   0.01444   0.02253
    29/149     3.15G   0.06313   0.02784   0.02325    0.1142        12       640    0.3922      0.11   0.03253   0.01311   0.04977   0.01434   0.02213
    30/149     3.15G   0.05966   0.02568   0.02379    0.1091        15       640   0.02935    0.3062    0.0185  0.004092   0.04186   0.01565   0.02228
    31/149     3.15G   0.05888   0.02631   0.02326    0.1085        11       640  0.005239    0.4491  0.004117 0.0007046   0.04851   0.03796   0.02256
    32/149     3.15G   0.05749   0.02637   0.02367    0.1075        11       640   0.05257    0.1617   0.01036  0.002591   0.04736   0.02038   0.02129
    33/149     3.15G    0.0575   0.02515   0.02354    0.1062         8       640    0.1283    0.2783   0.05707   0.01657   0.04414   0.01926   0.02152
    34/149     3.15G   0.05496   0.02587   0.02267    0.1035         8       640   0.01795    0.4811   0.01038  0.002085   0.04434   0.02293    0.0253
    35/149     3.15G   0.05544   0.02525   0.02257    0.1033        17       640    0.7076   0.08621    0.0844   0.02655   0.04592   0.01209   0.02002
    36/149     3.15G   0.05479   0.02566    0.0231    0.1035        12       640   0.09355    0.2545   0.09749   0.02234   0.03996   0.01213   0.01999
    37/149     3.15G   0.05378   0.02421   0.02265    0.1006        12       640   0.09192    0.2135   0.04913   0.01382   0.04343   0.01465   0.01959
    38/149     3.15G   0.05288   0.02499   0.02185   0.09972         9       640    0.1738    0.3432    0.1617   0.05085   0.04192   0.01185   0.02201
    39/149     3.15G   0.05349   0.02406   0.02266    0.1002         7       640    0.6069    0.1032   0.08384     0.023    0.0458   0.01307   0.02187
    40/149     3.15G   0.05222   0.02554   0.02232    0.1001        14       640    0.7029    0.1207    0.1028    0.0289   0.04105   0.01163   0.01608
    41/149     3.15G   0.05389   0.02279   0.02252    0.0992        12       640    0.1752    0.2956    0.1412   0.03746   0.04053   0.01194   0.01603
    42/149     3.15G   0.05255   0.02338   0.02123   0.09717        12       640    0.6665    0.1724    0.1571   0.04434   0.04098   0.01205   0.01616
    43/149     3.15G   0.04979   0.02351   0.02019   0.09349        17       640    0.1747    0.3798    0.1816   0.07009   0.03945    0.0108   0.01783
    44/149     3.15G   0.05099   0.02377   0.02018   0.09494        14       640    0.1265    0.2414    0.1336   0.04823   0.04035   0.01143   0.01812
    45/149     3.15G   0.05114    0.0237   0.01958   0.09443         9       640    0.3165    0.2997     0.232   0.08921   0.03566   0.01102   0.01792
    46/149     3.15G   0.05054   0.02312   0.01891   0.09258        16       640    0.2151    0.3539    0.1937   0.07378   0.04204    0.0117   0.01508
    47/149     3.15G   0.04967   0.02121   0.01835   0.08923        10       640    0.2408    0.6305    0.3597    0.1461   0.03584   0.01099   0.01278
    48/149     3.15G   0.04845   0.02202   0.01741   0.08787        11       640    0.6199    0.2025    0.2432   0.08577   0.04212   0.01135   0.01418
    49/149     3.15G   0.04821   0.02183    0.0178   0.08784         4       640    0.1864     0.462    0.1869   0.04881   0.04459   0.01395     0.019
    50/149     3.15G   0.04839   0.02194   0.01863   0.08896        10       640    0.3912    0.4071    0.3106   0.09921   0.03947   0.01004   0.01217
    51/149     3.15G   0.04607   0.02286   0.01647    0.0854        10       640    0.5494    0.3387    0.3523    0.1151   0.03748   0.01101   0.01349
    52/149     3.15G   0.04684   0.02137   0.01574   0.08395         8       640    0.6345    0.3373    0.3491    0.1327   0.03462   0.01006   0.01061
    53/149     3.15G   0.04525   0.02216   0.01761   0.08502        15       640    0.4418    0.5605      0.45      0.17   0.03707  0.009841  0.009184
    54/149     3.15G     0.046   0.02109   0.01582   0.08292        12       640    0.3157    0.6304    0.3567     0.123   0.03875   0.01035  0.009247
    55/149     3.15G   0.04624    0.0217   0.01416    0.0821         9       640    0.7374    0.3732    0.4473    0.1874   0.03659  0.009213   0.00856
    56/149     3.15G   0.04504   0.02102   0.01412   0.08018        13       640    0.5624    0.5049    0.4868    0.2041   0.03793  0.009407  0.009063
    57/149     3.15G   0.04568   0.02102   0.01504   0.08174        12       640    0.6233    0.4789    0.4955    0.1655   0.03441   0.00996      0.01
    58/149     3.15G   0.04434   0.02021   0.01391   0.07846        11       640    0.7316    0.4425     0.556    0.2219   0.03323  0.009678  0.008792
    59/149     3.15G   0.04606   0.02081   0.01457   0.08145         9       640    0.7162    0.5033    0.5794    0.2431   0.03161   0.00953  0.007177
    60/149     3.15G   0.04518   0.02119   0.01322   0.07959         9       640    0.6408    0.4187    0.4463    0.1807   0.03491  0.009971   0.01184
    61/149     3.15G   0.04325   0.02085   0.01243   0.07653        15       640    0.6773     0.592    0.6125    0.2745   0.03288  0.009294  0.007573
    62/149     3.15G   0.04364      0.02    0.0151   0.07874         8       640    0.7076    0.3021    0.4104     0.158    0.0369   0.01107   0.02021
    63/149     3.15G   0.04486   0.01987    0.0129   0.07763        12       640    0.2983    0.1617      0.16   0.04953   0.04027   0.01105   0.02297
    64/149     3.15G   0.04284   0.02012   0.01385   0.07681        12       640    0.5565    0.4573    0.3972    0.1666   0.03681  0.009711   0.01913
    65/149     3.15G   0.04363   0.02094   0.01255   0.07712        15       640    0.8952    0.4039     0.539    0.2621   0.03407    0.0102  0.008088
    66/149     3.15G   0.04308   0.02019   0.01185   0.07511         9       640    0.8742    0.5342    0.6691    0.3084   0.02983  0.008326  0.007403
    67/149     3.15G   0.04024   0.01971   0.01094   0.07089         7       640    0.6373    0.5135    0.5232     0.259    0.0312  0.008691   0.01045
    68/149     3.15G   0.04217   0.01981    0.0109   0.07289        10       640    0.5756    0.4834    0.5041    0.2248   0.03491  0.009498   0.01393
    69/149     3.15G   0.04114   0.01994   0.01148   0.07256        14       640    0.7111    0.6763    0.6644    0.2901   0.03062  0.008267  0.008431
    70/149     3.15G   0.04148   0.01936   0.01087   0.07171        16       640    0.8074    0.5824    0.6866    0.2739    0.0293  0.008541   0.01225
    71/149     3.15G   0.04144    0.0185   0.01052   0.07045         9       640    0.7909    0.6437    0.7107    0.3728   0.02858  0.007942  0.007185
    72/149     3.15G     0.041    0.0187  0.009845   0.06955         8       640    0.6376    0.6741    0.6592    0.3378   0.02888  0.007963  0.007835
    73/149     3.15G   0.04022   0.01901   0.01085   0.07009         8       640    0.6186    0.7299    0.6665    0.3172    0.0339  0.008453  0.009274
    74/149     3.15G   0.04005   0.01921  0.009836    0.0691         8       640    0.6262     0.677    0.6629    0.3149   0.02893  0.008627  0.008555
    75/149     3.15G   0.04025   0.01925   0.01056   0.07005         8       640     0.714    0.5525    0.6594    0.2994    0.0295  0.008507  0.006626
    76/149     3.15G   0.03778   0.01968   0.00968   0.06714        10       640     0.774    0.5234    0.6425     0.261    0.0277  0.008866  0.008051
    77/149     3.15G   0.03875   0.01865  0.008158   0.06555        11       640    0.6571    0.5955    0.6395    0.3147   0.02699  0.007968  0.005129
    78/149     3.15G   0.03874   0.01894   0.00828   0.06596         9       640    0.7668    0.8146    0.7971    0.3903   0.02746  0.007686  0.005483
    79/149     3.15G   0.03845   0.01744  0.008195   0.06408        12       640    0.7895    0.7007    0.7546    0.3674   0.02869  0.007653  0.005234
    80/149     3.15G   0.03854   0.01819  0.008379   0.06511        11       640    0.7444    0.7318    0.7268    0.3564   0.02786  0.007883  0.007956
    81/149     3.15G   0.03705   0.01834  0.007377   0.06276         7       640    0.8358    0.7085     0.818    0.4156   0.02744  0.007437  0.004307
    82/149     3.15G   0.03888    0.0181  0.007806   0.06478        10       640    0.8683    0.7562    0.8093    0.4339   0.02895  0.007369  0.006496
    83/149     3.15G    0.0372   0.01885  0.007124   0.06317        11       640    0.8107    0.7601    0.8236    0.4481    0.0259  0.007579  0.004954
    84/149     3.15G   0.03678   0.01877  0.009489   0.06504         6       640    0.8037    0.7594    0.8114    0.4044   0.02708  0.007514  0.004982
    85/149     3.15G   0.03616   0.01814  0.007607   0.06191         6       640    0.8283    0.7258    0.7814    0.4095   0.02783  0.007552  0.004468
    86/149     3.15G   0.03577   0.01802  0.008085   0.06188        12       640    0.7079    0.7876    0.7469    0.4042   0.02856   0.00746  0.004911
    87/149     3.15G   0.03707   0.01802  0.008316    0.0634        11       640    0.7132    0.8114    0.7796    0.4224   0.02739  0.007566  0.007187
    88/149     3.15G   0.03499   0.01794  0.009041   0.06197         8       640     0.743    0.7054    0.7257    0.3837    0.0295  0.007934  0.008269
    89/149     3.15G    0.0346   0.01756  0.009494   0.06165        12       640    0.7244      0.78     0.766    0.3956   0.02735  0.007497  0.005679
    90/149     3.15G   0.03512   0.01697  0.007354   0.05944        13       640    0.6528    0.8183    0.7389    0.3544   0.02763  0.007607  0.005569
    91/149     3.15G   0.03605   0.01742   0.00673    0.0602        10       640    0.7771    0.8007     0.829    0.4266   0.02873  0.007127  0.003648
    92/149     3.15G   0.03624   0.01751  0.007297   0.06105         8       640     0.859    0.6741    0.7839    0.4049   0.02596  0.007398  0.006267
    93/149     3.15G   0.03344   0.01707  0.005998   0.05651        12       640    0.7819    0.7731    0.8174    0.4298   0.02713   0.00712  0.004556
    94/149     3.15G   0.03436   0.01722  0.008173   0.05975        11       640    0.7698    0.7772    0.7864    0.4159   0.02497  0.007595  0.007321
    95/149     3.15G   0.03548   0.01706  0.008741   0.06128        10       640    0.8092    0.7445     0.819    0.4314   0.02476  0.007124  0.004808
    96/149     3.15G   0.03398   0.01683  0.005792    0.0566        13       640    0.8315    0.6609    0.7566    0.4156   0.02798  0.007183   0.01121
    97/149     3.15G   0.03376   0.01842  0.006433   0.05861        11       640    0.7626    0.7058    0.7732    0.3863   0.02527  0.007428   0.01477
    98/149     3.15G   0.03346   0.01716  0.006596   0.05721         8       640    0.8403     0.807    0.8452    0.4357   0.02534  0.007249   0.01171
    99/149     3.15G   0.03401   0.01702  0.006558   0.05759         9       640    0.7228    0.8358    0.8391    0.4655   0.02413  0.006842  0.005897
   100/149     3.15G   0.03334   0.01718  0.006517   0.05703        13       640    0.9001    0.6847     0.821    0.4669    0.0239  0.006967  0.005003
   101/149     3.15G    0.0322   0.01731  0.005666   0.05518        14       640    0.7792    0.7724    0.8067    0.4337   0.02499  0.006864  0.005837
   102/149     3.15G   0.03325   0.01682  0.007527    0.0576         8       640    0.7987    0.8124    0.8235    0.4687   0.02528  0.006826  0.004686
   103/149     3.15G   0.03311   0.01638  0.007211    0.0567        11       640    0.7517    0.8013    0.8305     0.481   0.02454  0.006766  0.004106
   104/149     3.15G   0.03414    0.0165  0.006676   0.05731        11       640    0.7438    0.7881    0.7876    0.4316   0.02791  0.007226   0.00669
   105/149     3.15G   0.03252   0.01568  0.004831   0.05303        15       640    0.8135    0.7989    0.8371    0.4723   0.02616  0.007277  0.009601
   106/149     3.15G    0.0336   0.01622  0.006589   0.05641        11       640    0.7929    0.7759    0.8253    0.4457   0.02479  0.006804  0.006479
   107/149     3.15G   0.03223   0.01566  0.006568   0.05447        10       640    0.8407    0.7792    0.8164    0.4311   0.02477  0.006961   0.00582
   108/149     3.15G   0.03076   0.01629  0.004959   0.05201        10       640     0.753    0.8011    0.7968     0.435   0.02562  0.007143  0.006537
   109/149     3.15G   0.03238   0.01644  0.005158   0.05397        16       640    0.7511    0.8013     0.836    0.4709   0.02386  0.006772  0.005773
   110/149     3.15G   0.03094   0.01602  0.006582   0.05354        15       640    0.8735    0.7906     0.852    0.4645   0.02578  0.006739  0.008467
   111/149     3.15G   0.03162   0.01627  0.006843   0.05473        11       640    0.8406    0.8315    0.8665    0.4581    0.0259  0.006866   0.01016
   112/149     3.15G   0.03181   0.01614  0.006258   0.05421        10       640    0.8453    0.8316    0.8547     0.473   0.02536  0.006687  0.007135
   113/149     3.15G    0.0323   0.01661  0.005444   0.05436        11       640    0.8728    0.8659     0.907    0.5108   0.02493  0.006534  0.004826
   114/149     3.15G   0.03099    0.0162  0.005854   0.05304         3       640    0.8653    0.8488    0.8829    0.4915   0.02352  0.006495  0.003376
   115/149     3.15G   0.03105   0.01591  0.005503   0.05246         7       640    0.7912    0.8304    0.8445    0.4935   0.02369   0.00654  0.004588
   116/149     3.15G   0.03072   0.01519  0.004731   0.05065        12       640    0.7624    0.8437    0.8244    0.4927   0.02374   0.00656  0.005849
   117/149     3.15G   0.03057   0.01535  0.005472    0.0514        13       640     0.819     0.792    0.8195    0.4698   0.02569  0.006672   0.01284
   118/149     3.15G   0.03074   0.01486  0.005154   0.05076        10       640    0.7727    0.9064    0.8495    0.4538   0.02597  0.006672  0.006786
   119/149     3.15G   0.03073   0.01615  0.005065   0.05194        16       640    0.9295    0.8078    0.8732    0.4796   0.02474  0.006839  0.006474
   120/149     3.15G   0.02975   0.01572  0.004875   0.05034        14       640     0.826    0.8424    0.8687    0.4861   0.02268  0.006876  0.006217
   121/149     3.15G   0.03164   0.01565   0.00491    0.0522        11       640     0.844     0.812    0.8727    0.4988   0.02323  0.006738  0.008624
   122/149     3.15G   0.03133   0.01533  0.008068   0.05473        11       640    0.7355    0.8939    0.8619    0.4861   0.02425  0.006806  0.007671
   123/149     3.15G   0.02906    0.0159  0.004388   0.04935        14       640    0.7936    0.8292    0.8088    0.4498   0.02544  0.006753   0.01307
   124/149     3.15G   0.02952   0.01474  0.004936    0.0492         6       640    0.8255    0.7882    0.8088    0.4551   0.02507  0.006902   0.01624
   125/149     3.15G   0.03071   0.01608   0.00475   0.05155        11       640    0.8121    0.8834    0.8761    0.4975   0.02271  0.006237  0.006058
   126/149     3.15G   0.02918   0.01534   0.00461   0.04913         9       640    0.8318    0.8555    0.8674    0.4956   0.02389  0.006286  0.004432
   127/149     3.15G   0.03041   0.01488  0.005583   0.05087        10       640    0.8198    0.8186    0.8602    0.4949   0.02293  0.006342  0.007563
   128/149     3.15G   0.02933   0.01512  0.004076   0.04853         9       640    0.8362    0.8284    0.8626     0.483   0.02409  0.006301   0.01498
   129/149     3.15G    0.0294   0.01538  0.004796   0.04958        13       640    0.8434    0.8317    0.8803    0.5122    0.0222  0.005997  0.009177
   130/149     3.15G   0.03044   0.01563   0.00433    0.0504        13       640    0.8129    0.7759    0.7908    0.4672   0.02505  0.006642  0.006107
   131/149     3.15G   0.02872   0.01446  0.003917    0.0471         8       640    0.8819     0.771    0.8383    0.5157   0.02398  0.006205  0.004452
   132/149     3.15G   0.02893    0.0147  0.003781   0.04741        10       640    0.8288      0.78    0.8352    0.4874   0.02309  0.006442  0.005347
   133/149     3.15G   0.03005   0.01507  0.004027   0.04914        13       640    0.8175    0.8597    0.8884    0.5146   0.02258  0.006281  0.004739
   134/149     3.15G   0.02976   0.01504  0.006227   0.05103        10       640    0.9026    0.8656    0.8964     0.518   0.02321  0.006257  0.004737
   135/149     3.15G   0.02994   0.01477   0.00534   0.05006        15       640     0.793      0.89    0.9035    0.4924   0.02359  0.006464  0.004558
   136/149     3.15G   0.02799   0.01436  0.004151    0.0465         4       640    0.8549    0.7924    0.8563    0.4815   0.02399  0.006599  0.006207
   137/149     3.15G   0.02721   0.01445  0.004013   0.04566         9       640    0.8823    0.8013    0.8703    0.5314     0.023  0.006471  0.009541
   138/149     3.15G   0.02971   0.01486  0.005437   0.05001        14       640    0.8494    0.8387    0.8692    0.5425   0.02482  0.006323   0.01107
   139/149     3.15G   0.02768   0.01423  0.004417   0.04633         6       640    0.8839    0.8166    0.8623    0.5005   0.02409   0.00628   0.00658
   140/149     3.15G   0.02724   0.01465  0.003679   0.04558        14       640    0.8604      0.89    0.8942    0.5345   0.02412  0.006115   0.01142
   141/149     3.15G   0.02815   0.01412  0.004345   0.04662         7       640    0.8659    0.8834    0.8844    0.5167   0.02225  0.006198  0.006311
   142/149     3.15G    0.0272   0.01433  0.003981   0.04552        13       640    0.8717    0.8508     0.883    0.5555   0.02285   0.00619   0.01052
   143/149     3.15G   0.02843    0.0149  0.003175    0.0465        11       640    0.8481    0.9072    0.8905    0.5656   0.02275  0.006029  0.008363
   144/149     3.15G    0.0284   0.01433  0.003472    0.0462         7       640    0.8835    0.8661    0.8985     0.571   0.02317  0.005909  0.005242
   145/149     3.15G    0.0277   0.01421  0.004921   0.04684         9       640    0.8005    0.9072    0.8974    0.5465    0.0238   0.00615   0.00545
   146/149     3.15G   0.02715   0.01416   0.00304   0.04435        16       640    0.8955    0.8561    0.8881    0.5186   0.02204    0.0063  0.006747
   147/149     3.15G   0.02755   0.01409  0.003709   0.04535         7       640    0.8765    0.8571    0.8852    0.5308   0.02324  0.006312   0.01011
   148/149     3.15G   0.02729   0.01455  0.003748   0.04559         8       640    0.8724    0.8424    0.8844    0.5233     0.023  0.006118  0.007008
   149/149     3.15G   0.02747   0.01426  0.004458   0.04619        13       640    0.8936    0.8186    0.8797    0.5291   0.02348  0.006193  0.008024
